"User" "Activity" "Average_Body_Acceleration_Magnitude" "Std_Dev_Body_Acceleration_Magnitude" "Average_Body_Gyroscopic_Magnitude" "Std_Dev_Body_Gyroscopic_Magnitude"
1 "LAYING" -0.8419291525 -0.79514486386 -0.874759548 -0.81901016976
1 "SITTING" -0.948536786170213 -0.927078418723404 -0.93089249 -0.934531840425532
1 "STANDING" -0.984278207358491 -0.981942928867925 -0.976493792830189 -0.978690028679245
1 "WALKING" -0.136971176556842 -0.219688645631579 -0.160979552536842 -0.186978364526316
1 "WALKING_DOWNSTAIRS" 0.0271882914106122 0.0198843506265306 -0.0757412543673469 -0.225724368061224
1 "WALKING_UPSTAIRS" -0.129927630735849 -0.324970929245283 -0.126735589969811 -0.14861931805283
2 "LAYING" -0.977435485208333 -0.972873912916667 -0.950011569583333 -0.961164053958333
2 "SITTING" -0.967893623913043 -0.953081444130435 -0.946035087173913 -0.961313624130435
2 "STANDING" -0.965875181296296 -0.957874965 -0.963466341851852 -0.95394338037037
2 "WALKING" -0.290407593728814 -0.422544169322034 -0.446549092881356 -0.553019916271186
2 "WALKING_DOWNSTAIRS" 0.0899511204978723 0.215586334889362 -0.162188586930426 -0.274844110531915
2 "WALKING_UPSTAIRS" -0.107322679520833 -0.205977045295833 -0.219713472958333 -0.377532167604167
3 "LAYING" -0.972791346129032 -0.964218176451613 -0.951564751451613 -0.954275110967742
3 "SITTING" -0.895383350192308 -0.8703017 -0.919354372307692 -0.925518103807692
3 "STANDING" -0.925430819016393 -0.915143303606557 -0.892089349344262 -0.88212522147541
3 "WALKING" -0.254690333275862 -0.328428936551724 -0.466411754137931 -0.561510683275862
3 "WALKING_DOWNSTAIRS" -0.0628126118283674 -0.0411340078469388 -0.215294501244898 -0.245794699346939
3 "WALKING_UPSTAIRS" -0.184014895 -0.333597432542373 -0.347321812220339 -0.408886653186441
4 "LAYING" -0.954557603148148 -0.931292216611111 -0.930236462592593 -0.947031781666667
4 "SITTING" -0.93569482 -0.9144078448 -0.9260633138 -0.928898293
4 "STANDING" -0.906478051785714 -0.890976683392857 -0.900982100535714 -0.885144317678571
4 "WALKING" -0.312050574166667 -0.527679103166667 -0.49779220106 -0.553116111166667
4 "WALKING_DOWNSTAIRS" -0.0491616726733333 -0.0819559041111111 -0.3466062928 -0.3805726254
4 "WALKING_UPSTAIRS" -0.153703935357692 -0.212012300480769 -0.299779407884615 -0.510974134423077
5 "LAYING" -0.966777882884615 -0.958612786346154 -0.946938300576923 -0.958287921923077
5 "SITTING" -0.9379783225 -0.920939027727273 -0.934301646590909 -0.931414810454545
5 "STANDING" -0.906104701071429 -0.87977380125 -0.900671630714286 -0.867041711785714
5 "WALKING" -0.158338674394643 -0.377178733392857 -0.355933083571429 -0.492176823571429
5 "WALKING_DOWNSTAIRS" 0.211138853638298 0.205422375957447 -0.218029835319149 -0.360678305253192
5 "WALKING_UPSTAIRS" 0.0435562021989362 -0.136736383765957 -0.235516929306383 -0.354687870212766
6 "LAYING" -0.918878850824561 -0.897326245964912 -0.908980174736842 -0.920914497017544
6 "SITTING" -0.949543531272727 -0.931572655636364 -0.932703812181818 -0.921259472727273
6 "STANDING" -0.945022876491228 -0.939310249649123 -0.939404744385965 -0.915891572982456
6 "WALKING" -0.166840713631579 -0.266734167368421 -0.281207841122807 -0.36560291677193
6 "WALKING_DOWNSTAIRS" 0.333754731458333 0.373611914166667 0.0142677821595833 -0.0426276750979167
6 "WALKING_UPSTAIRS" 0.0177790974433333 -0.0791508842176471 -0.12912124415098 -0.199893710196078
7 "LAYING" -0.936392023846154 -0.907039513153846 -0.915793634807692 -0.918662459038462
7 "SITTING" -0.918432107083333 -0.881957619770833 -0.897870535 -0.898063314375
7 "STANDING" -0.942724659245283 -0.933590156792453 -0.943425564528302 -0.918438958867924
7 "WALKING" -0.0978090439438596 -0.198554708385965 -0.305959351403509 -0.19828316695614
7 "WALKING_DOWNSTAIRS" 0.0198795285851064 0.214544028088723 -0.18874081887234 -0.259751603446809
7 "WALKING_UPSTAIRS" -0.198074437978431 -0.33474460745098 -0.239099165627451 -0.418144852156863
8 "LAYING" -0.935308633888889 -0.91325033 -0.924253348518518 -0.932470764444444
8 "SITTING" -0.952139704347826 -0.929943615630435 -0.93268224326087 -0.953001632173913
8 "STANDING" -0.953762884074074 -0.937187185222222 -0.952848496851852 -0.95322478962963
8 "WALKING" 0.0516786278104167 -0.1804072826 -0.00310243820125 -0.238746703958333
8 "WALKING_DOWNSTAIRS" 0.176599311818421 0.131337867236842 0.0993429744078947 -0.0466291872078947
8 "WALKING_UPSTAIRS" 0.121026629195122 -0.227200254219512 0.166447991 -0.109327923829268
9 "LAYING" -0.9308684376 -0.91512680016 -0.9071250998 -0.8985578738
9 "SITTING" -0.8933617176 -0.8637564342 -0.9032355368 -0.9066063206
9 "STANDING" -0.945167482444444 -0.936105010444444 -0.921030223111111 -0.908291403111111
9 "WALKING" -0.0980840496143461 -0.37942877 -0.294542266826923 -0.489725811538462
9 "WALKING_DOWNSTAIRS" 0.145886357935714 0.265120131365238 -0.168921400633333 -0.322331464761905
9 "WALKING_UPSTAIRS" -0.260727581428571 -0.400222037142857 -0.0833234490061224 -0.425839761428571
10 "LAYING" -0.956781819655172 -0.940301654482759 -0.937590998793103 -0.927471165517241
10 "SITTING" -0.96075719962963 -0.939669591481481 -0.944202043703704 -0.963064577592593
10 "STANDING" -0.951988907954545 -0.937264537954545 -0.929787259772727 -0.920486810227273
10 "WALKING" -0.127400912069811 -0.185602396067925 -0.156458730358491 -0.402025135660377
10 "WALKING_DOWNSTAIRS" 0.250843769394737 0.156998205421053 -0.0238468037578947 -0.280382850552632
10 "WALKING_UPSTAIRS" -0.0266623294757447 -0.211537480214383 0.0438573846851064 -0.113062673542979
11 "LAYING" -0.980621180175439 -0.972891829473684 -0.952523752105263 -0.954713182807018
11 "SITTING" -0.961970763773585 -0.944581826415094 -0.951884472075472 -0.959964488301887
11 "STANDING" -0.984853836595745 -0.98030536893617 -0.979978011489362 -0.977071437446808
11 "WALKING" -0.288323472033898 -0.487735915084746 -0.421801673559322 -0.558362783220339
11 "WALKING_DOWNSTAIRS" 0.126227657258696 0.0507743652521739 -0.19788336026087 -0.339349828493478
11 "WALKING_UPSTAIRS" -0.132594623759259 -0.289592148148148 -0.255048336944444 -0.377909862407407
12 "LAYING" -0.9482046755 -0.936542686833333 -0.9308405935 -0.935725715833333
12 "SITTING" -0.952176621372549 -0.947517100196078 -0.941907240784314 -0.946769241568627
12 "STANDING" -0.941459935081967 -0.935232945245902 -0.888101372786885 -0.852271618032787
12 "WALKING" -0.102204550448 -0.23697286882 -0.35593036512 -0.4132083408
12 "WALKING_DOWNSTAIRS" 0.0183139429630435 0.0972608274652174 -0.213351510686957 -0.32045862629
12 "WALKING_UPSTAIRS" -0.229183927115385 -0.285844036153846 -0.316561585961538 -0.525686949063462
13 "LAYING" -0.960517768225806 -0.947944746612903 -0.944303111935484 -0.944687480967742
13 "SITTING" -0.957690563673469 -0.937935738571429 -0.951142644081633 -0.963940591428571
13 "STANDING" -0.971564243157895 -0.968519673859649 -0.95782537245614 -0.944980198421053
13 "WALKING" -0.135643867842105 -0.292546377017544 -0.218669558421053 -0.253240071964912
13 "WALKING_DOWNSTAIRS" -0.0294634299553191 -0.0156098198829787 -0.102114480531915 -0.236762631468085
13 "WALKING_UPSTAIRS" -0.10115350174 -0.326339622181818 -0.237182958116364 -0.415658606181818
14 "LAYING" -0.905978250196078 -0.856593119215686 -0.904665418431373 -0.913433185882353
14 "SITTING" -0.944197943703704 -0.92549582962963 -0.942756369259259 -0.947081158333333
14 "STANDING" -0.943456847333333 -0.936735577166667 -0.943530016833333 -0.931426203833333
14 "WALKING" -0.144404671779661 -0.36380562779661 -0.137208741864407 -0.201401930542373
14 "WALKING_DOWNSTAIRS" 0.185537706866667 0.428405922622222 0.166340011842444 -0.0665144570666667
14 "WALKING_UPSTAIRS" 0.140108204051852 -0.0197686685018519 0.365779419444444 0.299975979851852
15 "LAYING" -0.955340661527778 -0.943314107916667 -0.944605127222222 -0.924043007638889
15 "SITTING" -0.958669836271186 -0.93797790559322 -0.957331628305085 -0.963475074915254
15 "STANDING" -0.961207616226415 -0.948600432641509 -0.946961381132076 -0.931286778679245
15 "WALKING" -0.186514650759259 -0.323878324074074 -0.243711124444444 -0.425798469148148
15 "WALKING_DOWNSTAIRS" 0.320449387166667 0.353204008095238 -0.121686320740476 -0.284249712071429
15 "WALKING_UPSTAIRS" -0.000971394711666667 -0.136552217494583 -0.201217274 -0.288429008639583
16 "LAYING" -0.961834634857143 -0.957895927714286 -0.951777099571429 -0.959020036285714
16 "SITTING" -0.961879680724638 -0.941051236086957 -0.946417382463768 -0.937942404637681
16 "STANDING" -0.969948825128205 -0.95729449448718 -0.972528178205128 -0.964105768461539
16 "WALKING" -0.258766694117647 -0.47180926745098 -0.485931932745098 -0.665078404313725
16 "WALKING_DOWNSTAIRS" 0.191079793587447 0.119183740638298 -0.309820427234043 -0.422315316808511
16 "WALKING_UPSTAIRS" -0.233990331568627 -0.334795080196078 -0.308260568039216 -0.518189646470588
17 "LAYING" -0.953021411126761 -0.948257993521127 -0.960733121690141 -0.959325498732394
17 "SITTING" -0.97274734640625 -0.96506519109375 -0.967177744375 -0.97541025484375
17 "STANDING" -0.977635981410256 -0.975377309871795 -0.978184576538462 -0.977680837435897
17 "WALKING" -0.151151487704918 -0.461837866885246 -0.335009836885246 -0.522494763606557
17 "WALKING_DOWNSTAIRS" 0.148951103536087 0.0914076757326087 -0.232641763307609 -0.352687281086957
17 "WALKING_UPSTAIRS" -0.0128062276916667 -0.1028777303875 -0.235191249091667 -0.440837260125
18 "LAYING" -0.986456241538462 -0.986464542615385 -0.980740846769231 -0.980560877846154
18 "SITTING" -0.983674151754386 -0.981595285964912 -0.977634992105263 -0.981372675614035
18 "STANDING" -0.972607495342466 -0.972285545479452 -0.963006793150685 -0.959797118082192
18 "WALKING" -0.287908078035714 -0.460346465357143 -0.500471147857143 -0.60851009125
18 "WALKING_DOWNSTAIRS" -0.293531973636364 -0.229934247036364 -0.381022814727273 -0.507995478327273
18 "WALKING_UPSTAIRS" -0.279146312758621 -0.37184157 -0.3691086 -0.528058134137931
19 "LAYING" -0.96626080686747 -0.963193489036145 -0.953263432771084 -0.955906646506024
19 "SITTING" -0.962074065616438 -0.951755657260274 -0.942229043835616 -0.950491807945205
19 "STANDING" -0.960505683561644 -0.962549342465753 -0.94174504109589 -0.937951031506849
19 "WALKING" 0.0648173438653846 -0.0993927171359615 0.100045071430769 -0.0218463165461538
19 "WALKING_DOWNSTAIRS" 0.644604325128205 0.413472376589744 0.418004608615385 0.237821231894872
19 "WALKING_UPSTAIRS" 0.01738119347275 -0.177666828025 -0.06161577145 -0.26440144275
20 "LAYING" -0.960743126176471 -0.939489444558824 -0.9604473725 -0.962153597941176
20 "SITTING" -0.952738043030303 -0.937764028181818 -0.939574435606061 -0.941069909848485
20 "STANDING" -0.92240685739726 -0.910672094794521 -0.883675028630137 -0.843683410273973
20 "WALKING" 0.039402280578902 -0.156930391921569 0.0686275147882353 -0.0367853189588235
20 "WALKING_DOWNSTAIRS" 0.221851587933333 0.172636361444444 0.0938419436933333 -0.0305762438706667
20 "WALKING_UPSTAIRS" 0.00872502461176471 -0.198269718823529 0.0223302538235294 -0.253929985803922
21 "LAYING" -0.952596583222222 -0.942186431444444 -0.949278890222222 -0.949289148
21 "SITTING" -0.974734999411765 -0.971994251294118 -0.964971113764706 -0.971225061647059
21 "STANDING" -0.958774298089888 -0.956919898202247 -0.949837151797753 -0.945614401797753
21 "WALKING" -0.123455661519231 -0.299709752173077 -0.284775644807692 -0.408304434423077
21 "WALKING_DOWNSTAIRS" 0.245771699004444 0.264341903711111 -0.184850019535556 -0.388420328666667
21 "WALKING_UPSTAIRS" -0.0810453188106383 -0.278474283829787 -0.168982721146809 -0.420236002514894
22 "LAYING" -0.934993799305556 -0.909407761152778 -0.926616373333333 -0.923911565972222
22 "SITTING" -0.942167353870968 -0.924336184035484 -0.942077432741935 -0.933268487096774
22 "STANDING" -0.954807661269841 -0.939866315079365 -0.931624303968254 -0.900776555555556
22 "WALKING" 0.0722419121669565 -0.161591787478261 -0.210608043717391 -0.390775683913043
22 "WALKING_DOWNSTAIRS" 0.330999221944444 0.133267478527222 -0.161333309783333 -0.263921983758333
22 "WALKING_UPSTAIRS" 0.210282608333333 -0.158757474833333 -0.1280319236 -0.2025581772
23 "LAYING" -0.962959196805556 -0.957871990555555 -0.949418000972222 -0.957227585972222
23 "SITTING" -0.944080772941176 -0.924963263235294 -0.936593426911765 -0.937006097352941
23 "STANDING" -0.957212267058824 -0.9516698575 -0.938430293382353 -0.923796565588235
23 "WALKING" -0.0988770198220339 -0.209989354570847 -0.0120968259523729 0.163346451623729
23 "WALKING_DOWNSTAIRS" 0.127211137694444 0.230363964351852 0.0390915481555556 0.0539972903222222
23 "WALKING_UPSTAIRS" -0.0117536873784314 -0.271893714117647 -0.156527148792745 -0.366732989313725
24 "LAYING" -0.9718540425 -0.969354834166667 -0.953791512638889 -0.957829934722222
24 "SITTING" -0.968979156470588 -0.963779683235294 -0.964633252352941 -0.969257162647059
24 "STANDING" -0.950061017681159 -0.94790101173913 -0.954518594057971 -0.95310477884058
24 "WALKING" -0.299983613965517 -0.48106401862069 -0.403064156896552 -0.563863212586207
24 "WALKING_DOWNSTAIRS" -0.0737699163072727 -0.0224839122854545 -0.304965806363636 -0.3636948774
24 "WALKING_UPSTAIRS" -0.226402822033898 -0.30685447 -0.33443583979661 -0.503929060169492
25 "LAYING" -0.56047777609589 -0.649254767945205 -0.809688545342466 -0.856017369726027
25 "SITTING" -0.970409337076923 -0.960003414461538 -0.966568718615385 -0.970639125692308
25 "STANDING" -0.972663592162162 -0.968075629324324 -0.967077442837838 -0.959884274324324
25 "WALKING" -0.40528943 -0.565601466081081 -0.394362401351351 -0.489809386081081
25 "WALKING_DOWNSTAIRS" -0.22010859462069 -0.259465249913793 -0.216082565601724 -0.38216092137931
25 "WALKING_UPSTAIRS" -0.305772199076923 -0.480006649846154 -0.3186346998 -0.387754116158462
26 "LAYING" -0.976785042368421 -0.964355190394737 -0.951863594736842 -0.965676821973684
26 "SITTING" -0.953079994102564 -0.933602783410256 -0.954052945897436 -0.964742022307692
26 "STANDING" -0.968511694324324 -0.962697299189189 -0.968673955540541 -0.962653585540541
26 "WALKING" -0.223399171830508 -0.421848313898305 -0.392092024067797 -0.538329286101695
26 "WALKING_DOWNSTAIRS" 0.114379383742 0.14700167906 -0.23531462282 -0.296158291686
26 "WALKING_UPSTAIRS" -0.142874499381818 -0.1507071068 -0.344427047636364 -0.514032410181818
27 "LAYING" -0.982091652162162 -0.978920176216216 -0.966917594459459 -0.971915732837838
27 "SITTING" -0.979481668857143 -0.969526674714286 -0.963565474 -0.970782132714286
27 "STANDING" -0.972753287375 -0.9663601145 -0.968702956625 -0.965693334
27 "WALKING" -0.238853875263158 -0.407355787017544 -0.396638753684211 -0.482452355789474
27 "WALKING_DOWNSTAIRS" 0.108071382861364 0.121176277863636 -0.164783206536364 -0.307952089840909
27 "WALKING_UPSTAIRS" -0.160589355980392 -0.37994878627451 -0.286145719598039 -0.501775426447059
28 "LAYING" -0.95811223025 -0.9545740295 -0.93710692125 -0.928940913375
28 "SITTING" -0.955789708611111 -0.947782703333333 -0.955175567083333 -0.951065984027778
28 "STANDING" -0.92547165164557 -0.917658334177215 -0.894242469620253 -0.876917545696203
28 "WALKING" -0.1806660203 -0.39269402 -0.310775945814815 -0.460511661296296
28 "WALKING_DOWNSTAIRS" 0.104359216580435 0.135465563932609 -0.068246324026087 -0.22448414468913
28 "WALKING_UPSTAIRS" -0.186240503960784 -0.211928666470588 -0.263415282690196 -0.476923344705882
29 "LAYING" -0.986493196666667 -0.981572147681159 -0.971923623043478 -0.977040093043478
29 "SITTING" -0.978017021833333 -0.9692903165 -0.962377332166667 -0.971578024666667
29 "STANDING" -0.984745318923077 -0.981745712923077 -0.980657340461539 -0.975358665384615
29 "WALKING" -0.0955213393716981 -0.262695063584906 -0.28057326754717 -0.358814096603774
29 "WALKING_DOWNSTAIRS" 0.103705165666667 0.1344811501875 -0.122968108816667 -0.26740979843125
29 "WALKING_UPSTAIRS" 0.00834360271428571 -0.0414696051693878 0.0439627677608163 -0.0800476153673469
30 "LAYING" -0.969829984285714 -0.960167907285714 -0.962284921142857 -0.951264441
30 "SITTING" -0.957487221451613 -0.942901466612903 -0.955847323870968 -0.960641288225806
30 "STANDING" -0.930573574915254 -0.916570441355932 -0.913890564915254 -0.887247636779661
30 "WALKING" -0.195140032969231 -0.359873411538462 -0.0229640797463077 -0.266845731292308
30 "WALKING_DOWNSTAIRS" -0.0373901122469355 -0.0135771208822581 -0.095537320533871 -0.208267542032258
30 "WALKING_UPSTAIRS" -0.137627857227385 -0.327410815861538 -0.113608367276923 -0.169293534323077
